# Made in Blockbench 5.1.4
mtllib underwater_mine.mtl

o cube
v 1.0625 1.125 1.0625
v 1.0625 1.125 -0.0625
v 1.0625 0.0 1.0625
v 1.0625 0.0 -0.0625
v -0.0625 1.125 -0.0625
v -0.0625 1.125 1.0625
v -0.0625 0.0 -0.0625
v -0.0625 0.0 1.0625
vt 0 1
vt 0.140625 1
vt 0.140625 0.859375
vt 0 0.859375
vt 0 0.859375
vt 0.140625 0.859375
vt 0.140625 0.71875
vt 0 0.71875
vt 0.140625 1
vt 0.28125 1
vt 0.28125 0.859375
vt 0.140625 0.859375
vt 0.140625 0.859375
vt 0.28125 0.859375
vt 0.28125 0.71875
vt 0.140625 0.71875
vt 0.140625 0.578125
vt 0 0.578125
vt 0 0.71875
vt 0.140625 0.71875
vt 0.421875 1
vt 0.28125 1
vt 0.28125 0.859375
vt 0.421875 0.859375
vn 0 0 -1
vn 1 0 0
vn 0 0 1
vn -1 0 0
vn 0 1 0
vn 0 -1 0
usemtl m_f5f4bb94-f059-326a-a00a-b4bcb3dc0577
f 4/4/1 7/3/1 5/2/1 2/1/1
f 3/8/2 4/7/2 2/6/2 1/5/2
f 8/12/3 3/11/3 1/10/3 6/9/3
f 7/16/4 8/15/4 6/14/4 5/13/4
f 6/20/5 1/19/5 2/18/5 5/17/5
f 7/24/6 4/23/6 3/22/6 8/21/6
o cube
v 0.625 1.4375 0.625
v 0.625 1.4375 0.375
v 0.625 1.0625 0.625
v 0.625 1.0625 0.375
v 0.375 1.4375 0.375
v 0.375 1.4375 0.625
v 0.375 1.0625 0.375
v 0.375 1.0625 0.625
vt 0.2421875 0.4375
vt 0.2734375 0.4375
vt 0.2734375 0.390625
vt 0.2421875 0.390625
vt 0.2421875 0.4375
vt 0.2734375 0.4375
vt 0.2734375 0.390625
vt 0.2421875 0.390625
vt 0.2421875 0.4375
vt 0.2734375 0.4375
vt 0.2734375 0.390625
vt 0.2421875 0.390625
vt 0.2421875 0.4375
vt 0.2734375 0.4375
vt 0.2734375 0.390625
vt 0.2421875 0.390625
vt 0.28125 0.4375
vt 0.3125 0.4375
vt 0.3125 0.40625
vt 0.28125 0.40625
vt 0.28125 0.40625
vt 0.3125 0.40625
vt 0.3125 0.375
vt 0.28125 0.375
vn 0 0 -1
vn 1 0 0
vn 0 0 1
vn -1 0 0
vn 0 1 0
vn 0 -1 0
usemtl m_f5f4bb94-f059-326a-a00a-b4bcb3dc0577
f 12/28/7 15/27/7 13/26/7 10/25/7
f 11/32/8 12/31/8 10/30/8 9/29/8
f 16/36/9 11/35/9 9/34/9 14/33/9
f 15/40/10 16/39/10 14/38/10 13/37/10
f 14/44/11 9/43/11 10/42/11 13/41/11
f 15/48/12 12/47/12 11/46/12 16/45/12
o cube
v -0.375 0.6875000000000002 0.625
v -0.375 0.6875000000000002 0.375
v 1.375 0.6874999999999998 0.625
v 1.375 0.6874999999999998 0.375
v -0.375 0.4375000000000002 0.375
v -0.375 0.4375000000000002 0.625
v 1.375 0.4374999999999998 0.375
v 1.375 0.4374999999999998 0.625
vt 0 0.21875
vt 0.03125 0.21875
vt 0.03125 0
vt 0 0
vt 0 0.21875
vt 0.03125 0.21875
vt 0.03125 0
vt 0 0
vt 0 0.21875
vt 0.03125 0.21875
vt 0.03125 0
vt 0 0
vt 0 0.21875
vt 0.03125 0.21875
vt 0.03125 0
vt 0 0
vt 0 0.265625
vt 0.03125 0.265625
vt 0.03125 0.234375
vt 0 0.234375
vt 0 0.265625
vt 0.03125 0.265625
vt 0.03125 0.234375
vt 0 0.234375
vn 0 0 -1
vn 2.220446049250313e-16 1 0
vn 0 0 1
vn -2.220446049250313e-16 -1 0
vn -1 2.220446049250313e-16 0
vn 1 -2.220446049250313e-16 0
usemtl m_f5f4bb94-f059-326a-a00a-b4bcb3dc0577
f 20/52/13 23/51/13 21/50/13 18/49/13
f 19/56/14 20/55/14 18/54/14 17/53/14
f 24/60/15 19/59/15 17/58/15 22/57/15
f 23/64/16 24/63/16 22/62/16 21/61/16
f 22/68/17 17/67/17 18/66/17 21/65/17
f 23/72/18 20/71/18 19/70/18 24/69/18
o cube
v 0.3749999999999998 0.6875000000000003 -0.3749999999999999
v 0.6249999999999998 0.6874999999999999 -0.3750000000000001
v 0.37500000000000067 0.6875000000000002 1.375
v 0.6250000000000007 0.6874999999999997 1.375
v 0.6249999999999993 0.43749999999999983 -0.3750000000000001
v 0.37499999999999933 0.43750000000000033 -0.3749999999999999
v 0.6250000000000002 0.43749999999999967 1.375
v 0.3750000000000002 0.4375000000000001 1.375
vt 0 0.21875
vt 0.03125 0.21875
vt 0.03125 0
vt 0 0
vt 0 0.21875
vt 0.03125 0.21875
vt 0.03125 0
vt 0 0
vt 0 0.21875
vt 0.03125 0.21875
vt 0.03125 0
vt 0 0
vt 0 0.21875
vt 0.03125 0.21875
vt 0.03125 0
vt 0 0
vt 0 0.265625
vt 0.03125 0.265625
vt 0.03125 0.234375
vt 0 0.234375
vt 0 0.265625
vt 0.03125 0.265625
vt 0.03125 0.234375
vt 0 0.234375
vn 1 -1.9984014443252818e-15 -4.996003610813206e-16
vn 1.9984014443252818e-15 1 1.1102230246251466e-16
vn -1 1.9984014443252818e-15 4.996003610813206e-16
vn -1.9984014443252818e-15 -1 -1.1102230246251466e-16
vn -5.551115123125782e-16 5.551115123125894e-17 -1
vn 5.551115123125782e-16 -5.551115123125894e-17 1
usemtl m_f5f4bb94-f059-326a-a00a-b4bcb3dc0577
f 28/76/19 31/75/19 29/74/19 26/73/19
f 27/80/20 28/79/20 26/78/20 25/77/20
f 32/84/21 27/83/21 25/82/21 30/81/21
f 31/88/22 32/87/22 30/86/22 29/85/22
f 30/92/23 25/91/23 26/90/23 29/89/23
f 31/96/24 28/95/24 27/94/24 32/93/24
o cube
v -0.18932233519625385 1.3101674964310508 -0.012545639899617322
v -0.0125456398996171 1.3101674964310503 -0.1893223351962543
v 1.113940586817777 0.019620514641197517 1.290717282114414
v 1.2907172821144137 0.019620514641197295 1.113940586817777
v -0.11394058681777697 1.1053794853588026 -0.29071728211441394
v -0.2907172821144137 1.1053794853588026 -0.11394058681777697
v 1.1893223351962539 -0.18516749643105068 1.0125456398996173
v 1.012545639899617 -0.18516749643105046 1.1893223351962543
vt 0 0.21875
vt 0.03125 0.21875
vt 0.03125 0
vt 0 0
vt 0 0.21875
vt 0.03125 0.21875
vt 0.03125 0
vt 0 0
vt 0 0.21875
vt 0.03125 0.21875
vt 0.03125 0
vt 0 0
vt 0 0.21875
vt 0.03125 0.21875
vt 0.03125 0
vt 0 0
vt 0 0.265625
vt 0.03125 0.265625
vt 0.03125 0.234375
vt 0 0.234375
vt 0 0.265625
vt 0.03125 0.265625
vt 0.03125 0.234375
vt 0 0.234375
vn 0.7071067811865474 -6.661338147750939e-16 -0.7071067811865477
vn 0.4055797876726393 0.8191520442889921 0.40557978767263825
vn -0.7071067811865474 6.661338147750939e-16 0.7071067811865477
vn -0.4055797876726393 -0.8191520442889921 -0.40557978767263825
vn -0.5792279653395693 0.5735764363510458 -0.5792279653395693
vn 0.5792279653395693 -0.5735764363510458 0.5792279653395693
usemtl m_f5f4bb94-f059-326a-a00a-b4bcb3dc0577
f 36/100/25 39/99/25 37/98/25 34/97/25
f 35/104/26 36/103/26 34/102/26 33/101/26
f 40/108/27 35/107/27 33/106/27 38/105/27
f 39/112/28 40/111/28 38/110/28 37/109/28
f 38/116/29 33/115/29 34/114/29 37/113/29
f 39/120/30 36/119/30 35/118/30 40/117/30
o cube
v 1.1139405868177774 1.1053794853588028 1.2907172821144133
v 1.2907172821144142 1.1053794853588028 1.1139405868177763
v -0.1893223351962543 -0.1851674964310508 -0.012545639899616656
v -0.012545639899617544 -0.1851674964310508 -0.18932233519625363
v 1.1893223351962543 1.3101674964310508 1.0125456398996167
v 1.0125456398996175 1.3101674964310508 1.1893223351962536
v -0.11394058681777741 0.019620514641197184 -0.2907172821144133
v -0.29071728211441417 0.019620514641197184 -0.1139405868177763
vt 0 0.21875
vt 0.03125 0.21875
vt 0.03125 0
vt 0 0
vt 0 0.21875
vt 0.03125 0.21875
vt 0.03125 0
vt 0 0
vt 0 0.21875
vt 0.03125 0.21875
vt 0.03125 0
vt 0 0
vt 0 0.21875
vt 0.03125 0.21875
vt 0.03125 0
vt 0 0
vt 0 0.265625
vt 0.03125 0.265625
vt 0.03125 0.234375
vt 0 0.234375
vt 0 0.265625
vt 0.03125 0.265625
vt 0.03125 0.234375
vt 0 0.234375
vn 0.707106781186547 2.4980018054066027e-16 -0.7071067811865482
vn 0.4055797876726393 -0.8191520442889919 0.40557978767263836
vn -0.707106781186547 -2.4980018054066027e-16 0.7071067811865482
vn -0.4055797876726393 0.8191520442889919 -0.40557978767263836
vn 0.5792279653395697 0.573576436351046 0.5792279653395689
vn -0.5792279653395697 -0.573576436351046 -0.5792279653395689
usemtl m_f5f4bb94-f059-326a-a00a-b4bcb3dc0577
f 44/124/31 47/123/31 45/122/31 42/121/31
f 43/128/32 44/127/32 42/126/32 41/125/32
f 48/132/33 43/131/33 41/130/33 46/129/33
f 47/136/34 48/135/34 46/134/34 45/133/34
f 46/140/35 41/139/35 42/138/35 45/137/35
f 47/144/36 44/143/36 43/142/36 48/141/36
o cube
v -0.13001646377068865 1.0615381286635655 1.306793159067331
v -0.035034414622959975 1.2723859901167869 1.211811109919602
v 1.2118111099195974 -0.14738599011678732 -0.03503441462296575
v 1.306793159067326 0.06346187133643416 -0.13001646377069465
v -0.2118111099195974 1.2723859901167873 1.0350344146229657
v -0.30679315906732607 1.061538128663566 1.1300164637706946
v 1.1300164637706887 0.0634618713364346 -0.30679315906733096
v 1.03503441462296 -0.14738599011678688 -0.21181110991960206
vt 0 0.21875
vt 0.03125 0.21875
vt 0.03125 0
vt 0 0
vt 0 0.21875
vt 0.03125 0.21875
vt 0.03125 0
vt 0 0
vt 0 0.21875
vt 0.03125 0.21875
vt 0.03125 0
vt 0 0
vt 0 0.21875
vt 0.03125 0.21875
vt 0.03125 0
vt 0 0
vt 0 0.265625
vt 0.03125 0.265625
vt 0.03125 0.234375
vt 0 0.234375
vt 0 0.265625
vt 0.03125 0.265625
vt 0.03125 0.234375
vt 0 0.234375
vn 0.3799281965909147 0.8433914458128862 -0.3799281965909153
vn 0.7071067811865498 -1.498801083243961e-15 0.7071067811865454
vn -0.3799281965909147 -0.8433914458128862 0.3799281965909153
vn -0.7071067811865498 1.498801083243961e-15 -0.7071067811865454
vn -0.596367810529016 0.5372996083468234 0.5963678105290207
vn 0.596367810529016 -0.5372996083468234 -0.5963678105290207
usemtl m_f5f4bb94-f059-326a-a00a-b4bcb3dc0577
f 52/148/37 55/147/37 53/146/37 50/145/37
f 51/152/38 52/151/38 50/150/38 49/149/38
f 56/156/39 51/155/39 49/154/39 54/153/39
f 55/160/40 56/159/40 54/158/40 53/157/40
f 54/164/41 49/163/41 50/162/41 53/161/41
f 55/168/42 52/167/42 51/166/42 56/165/42
o cube
v -0.03503441462296142 -0.14738599011678688 1.211811109919601
v -0.13001646377068965 0.06346187133643472 1.3067931590673303
v 1.3067931590673272 1.061538128663565 -0.13001646377069387
v 1.2118111099195987 1.2723859901167867 -0.03503441462296475
v -0.30679315906732707 0.06346187133643494 1.1300164637706938
v -0.21181110991959884 -0.14738599011678666 1.0350344146229649
v 1.0350344146229613 1.2723859901167869 -0.21181110991960106
v 1.1300164637706898 1.0615381286635652 -0.3067931590673302
vt 0 0.21875
vt 0.03125 0.21875
vt 0.03125 0
vt 0 0
vt 0 0.21875
vt 0.03125 0.21875
vt 0.03125 0
vt 0 0
vt 0 0.21875
vt 0.03125 0.21875
vt 0.03125 0
vt 0 0
vt 0 0.21875
vt 0.03125 0.21875
vt 0.03125 0
vt 0 0
vt 0 0.265625
vt 0.03125 0.265625
vt 0.03125 0.234375
vt 0 0.234375
vt 0 0.265625
vt 0.03125 0.265625
vt 0.03125 0.234375
vt 0 0.234375
vn -0.3799281965909131 0.8433914458128862 0.37992819659091615
vn 0.7071067811865497 -7.494005416219807e-16 0.7071067811865455
vn 0.3799281965909131 -0.8433914458128862 -0.37992819659091615
vn -0.7071067811865497 7.494005416219807e-16 -0.7071067811865455
vn -0.5963678105290169 -0.5372996083468231 0.59636781052902
vn 0.5963678105290169 0.5372996083468231 -0.59636781052902
usemtl m_f5f4bb94-f059-326a-a00a-b4bcb3dc0577
f 60/172/43 63/171/43 61/170/43 58/169/43
f 59/176/44 60/175/44 58/174/44 57/173/44
f 64/180/45 59/179/45 57/178/45 62/177/45
f 63/184/46 64/183/46 62/182/46 61/181/46
f 62/188/47 57/187/47 58/186/47 61/185/47
f 63/192/48 60/191/48 59/190/48 64/189/48